-0.4308518
1.750738
0.8335283
-1.66564
0.4886185
-0.4601626
-1.154805
-0.4837283
-1.229051
-1.05592
-0.967035
-2.016899
0.3023252
-0.0003465686
-1.199694
0.9892532
0.5184902
-0.1545631
0.9204164
1.072333
1.113728
1.028244
0.8954082
0.2537661
-0.1289383
-0.3354489
-0.7437879
-0.3763072
-1.408014
1.830306
1.438563
-0.7431554
-0.3995346
-0.5452222
0.6394939
-0.01165875
0.2796709
0.03792837
-0.008694731
1.380534
0.05510828
1.639844
-1.171435
0.5012541
0.1907612
0.2808566
0.4617768
-0.3771132
-0.3585459
-1.10042
-1.324613
-0.0625227
0.2892847
0.04729114
0.9294405
2.238842
0.03224014
-2.093412
0.6733587
-0.707481
-0.8288169
0.8034847
-0.2129107
-1.234555
-0.07114241
-0.2540982
-0.09113819
0.3282918
-0.3277971
0.5959623
-0.1206598
0.3475807
1.172675
0.7000507
-0.07997378
1.231196
1.272698
0.9146145
0.5681416
-0.3825138
1.382307
-0.3151366
2.238355
2.00069
0.3516696
-0.721139
-0.7325216
0.1015334
-0.2885253
-0.4219811
-1.06579
-0.3038544
-0.949206
-1.923504
-0.867152
0.550796
-0.612468
0.4706223
-1.578695
-0.3556259
0.3282564
0.2903443
0.1594215
-0.5873236
-0.9458161
-1.251737
-0.2237439
-1.12878
-0.7888354
-0.5331704
1.626397
-0.4136567
0.2479725
0.1325897
-0.9134871
-0.2346577
1.332279
0.6730514
0.2644621
-0.2803127
-2.052436
0.7211744
-1.48047
0.4359214
1.874677
-1.082728
0.6297047
-0.1650884
-1.566318
-1.825601
-2.09103
-1.14491
-1.936339
0.1108157
1.891432
-0.9922151
0.707222
0.8782799
0.5515536
-0.8103255
-0.2022972
-0.3539926
0.4627521
-0.3199833
0.9339589
-0.2049949
1.079547
-0.8225335
-1.334005
2.944699
0.05354603
0.4970982
0.8155376
-0.2490859
0.5609227
0.4987733
-0.06370231
0.1132239
0.007749843
2.146729
-0.3046796
-0.9822696
-0.1131749
0.2274605
0.4488075
-0.3636902
-1.098194
1.029599
-0.237165
-0.8679517
-0.4108454
-0.3491713
0.9792878
0.2283419
0.857164
-0.2866151
0.242193
-0.2651482
0.06536897
-0.8939754
-1.489041
1.628109
0.778689
-1.024342
-0.7252623
-1.376171
1.8473
1.541269
0.134651
0.7300427
-0.193592
-0.4266661
-0.8541037
-0.7916384
1.413771
0.1338717
0.2211795
0.328697
1.332219
-0.2097227
-0.9119152
1.525551
-0.1961116
-0.6642676
-1.345607
-1.597571
-1.01863
0.2363974
1.004492
0.8663444
-0.126886
0.1290813
-0.6510477
-0.8260082
0.6759329
-0.9638931
1.783195
0.1974799
0.3691546
-0.6028505
-0.6406879
-1.471673
-0.539123
0.1686788
0.2579186
-0.756507
-0.9299116
-0.7446969
1.250122
-0.9856547
-0.315523
1.784669
0.2088816
-1.194122
-0.8373062
0.248984
-0.4203965
-0.6638731
-0.5174905
-0.08243078
1.512852
0.1797424
1.224071
0.9328769
0.1937846
-1.371175
-0.7306617
-0.7198205
-0.1887897
1.168063
2.473837
2.114652
0.5166077
-1.393302
-0.5221503
-0.06857103
0.7681875
1.085435
0.9505594
-1.098662
0.7485553
-0.3372813
0.1510568
0.0952642
0.4555048
0.1267112
-1.601318
0.442695
0.3570452
-0.2058352
0.1009041
0.1473233
0.255798
1.705917
0.1481615
0.3445824
1.307907
1.371572
1.546534
-0.107653
2.168878
0.5670347
2.180392
-0.789408
0.08769983
1.294141
-0.4387234
-0.7298261
-1.075359
-1.322313
-0.8095421
0.02031775
-2.134492
-0.2630303
0.9940647
2.139343
1.769752
1.298156
-1.250547
-0.6611427
