y x1 x2 x3B
1.10795939716781 -0.560475646552213 0.787738847475178 1
1.38930091732455 -0.23017748948328 0.76904224100091 1
6.76358846458377 1.55870831414912 0.332202578950118 1
2.63927428209775 0.070508391424576 -1.00837660827701 0
-0.35252685699618 0.129287735160946 -0.119452606630659 0
4.88527404365578 1.71506498688328 -0.280395335170247 0
1.26757842784014 0.460916205989202 0.56298953322048 0
2.20326206192452 -1.26506123460653 -0.372438756103829 1
-2.89418282641816 -0.686852851893526 0.976973386685621 0
4.14668062475323 -0.445661970099958 -0.374580857767014 1
3.24766653346917 1.22408179743946 1.05271146557933 0
3.74962956729364 0.359813827057364 -1.04917700666607 0
5.55618729795093 0.400771450594052 -1.26015524475811 1
-4.07583994021527 0.11068271594512 3.2410399349424 0
3.8597077322861 -0.555841134754075 -0.416857588160432 1
6.47943925497681 1.78691313680308 0.298227591540715 1
1.88320011039243 0.497850478229239 0.636569674033849 1
-1.32331255466795 -1.96661715662964 -0.483780625708744 0
3.79794112503244 0.701355901563686 0.516862044313609 1
1.92741012269822 -0.472791407727934 0.368964527385086 1
3.69132395849338 -1.06782370598685 -0.215380507641693 1
2.69196569079003 -0.217974914658295 0.0652930335253153 1
2.84482352418251 -1.02600444830724 -0.034067253738464 1
-1.91114318592533 -0.72889122929114 2.12845189901618 1
3.50738320563675 -0.625039267849257 -0.741336096272828 1
-0.802948240009309 -1.68669331074241 -1.09599626707466 0
1.45024006580808 0.837787044494525 0.0377883991710788 0
0.206276846599416 0.153373117836515 0.310480749443137 0
-1.95990064531748 -1.13813693701195 0.436523478910183 0
4.86587380994044 1.25381492106993 -0.458365332711106 0
1.7973711004853 0.426464221476814 -1.06332613397119 0
1.16532503066995 -0.295071482992271 1.26318517608949 1
4.07113334256586 0.895125661045022 -0.349650387953555 0
6.51572710906855 0.878133487533042 -0.865512862653374 1
3.22487343835956 0.821581081637487 -0.236279568941097 0
3.16527291978744 0.688640254100091 -0.197175894348552 0
0.7107898878364 0.553917653537589 1.10992028971364 0
4.40232832002214 -0.0619117105767217 0.0847372921971965 1
2.134285333766 -0.305962663739917 0.754053785184521 1
3.57431951014151 -0.380471001012383 -0.499292017172261 1
-0.354230874242406 -0.694706978920513 0.214445309581601 1
3.97825329271758 -0.207917278019599 -0.324685911490835 1
-1.2423832990369 -1.26539635156826 0.0945835281735714 0
10.2163558085115 2.16895596533851 -0.895363357977542 1
7.82684794528869 1.20796199830499 -1.31080153332797 1
-2.4625343337535 -1.12310858320335 1.99721338474797 0
-0.420408486477954 -0.402884835299076 0.600708823672418 0
5.06991219364986 -0.466655353623219 -1.25127136162494 1
4.74894589116179 0.779965118336318 -0.611165916680421 0
4.89301577263305 -0.0833690664718293 -1.18548008459731 1
-2.24191711926078 0.253318513994755 2.19881034888372 0
1.37173950470209 -0.028546755348703 1.31241297643351 0
1.32310585768278 -0.0428704572913161 -0.265145056696353 0
4.55598190058909 1.36860228401446 0.54319405923209 0
2.73146130564523 -0.225770985659268 -0.41433994791886 1
7.55679474873955 1.51647060442954 -0.476246894615578 1
2.46382255195175 -1.54875280423022 -0.788602837850243 1
6.3611919456672 0.584613749636069 -0.594617267459511 1
-2.23428897282664 0.123854243844614 1.65090746733669 0
4.53218459974148 0.215941568743973 -0.0540281250854405 1
0.502990457766406 0.379639482759882 0.119245236427584 0
0.34252527462704 -0.502323453109302 0.243687429599092 0
2.5696465047938 -0.33320738366942 1.23247587848534 1
-2.48804271628442 -1.01857538310709 -0.51606383094478 0
1.58087173493704 -1.07179122647558 -0.992507150392037 0
-2.14753261260476 0.303528641404258 1.67569693240319 0
3.01293365159941 0.448209778629426 -0.441163216905286 0
2.85051004651343 0.0530042267305041 -0.723065969939874 0
7.49905478598298 0.922267467879738 -1.23627311888329 1
9.38212899787119 2.05008468562714 -1.2847157223178 1
4.04421890807596 -0.491031166056535 -0.573973479297987 1
-4.10649777631696 -2.30916887564081 0.617985817166529 0
2.23000766047864 1.00573852446226 1.10984813892972 0
-3.53212103982012 -0.709200762582393 0.707588353835588 0
1.53308944464914 -0.688008616467358 -0.363657297095253 1
7.39192017450468 1.0255713696967 0.0597499373846007 1
5.53397752852963 -0.284773007051009 -0.70459646368007 1
3.06968076675963 -1.22071771225454 -0.71721816157401 1
0.750809618143981 0.18130347974915 0.88465049897692 0
6.16278106066823 -0.138891362439045 -1.01559257860354 1
-4.5823353749046 0.00576418589988693 1.95529396549246 0
3.01631728984026 0.38528040112633 -0.0903195939658516 0
-0.548115900090968 -0.370660031792409 0.214538826629216 0
6.62716148477823 0.644376548518833 -0.738527704739573 1
1.12545211012383 -0.220486561818751 -0.57438868976327 0
7.511053080368 0.331781963915697 -1.31701613230524 1
6.11959365990218 1.09683901314935 -0.182925388372727 1
1.76039314016916 0.435181490833803 0.418982404924464 0
2.4709953340565 -0.325931585531227 0.32430434416138 1
3.37713275838281 1.14880761845109 -0.781536487054751 0
8.37995117864551 0.993503855962119 -0.788621970854002 1
3.59099200780471 0.54839695950807 -0.502198718342861 0
0.957634704609809 0.238731735111441 1.49606066984635 0
4.51529721149918 -0.627906076039371 -1.13730362066574 1
8.11488503445849 1.36065244853001 -0.179051594380198 1
1.92135714720643 -0.600259587147127 1.90236182167893 1
8.2446461989874 2.18733299301658 -0.100974885328808 1
7.78203119534725 1.53261062618519 -1.35984070382139 1
4.28640186757202 -0.235700359100477 -0.664769435274062 1
1.00492699104374 -1.02642090030678 0.485459978904878 1
3.29427168461538 -0.710406563699301 -0.375602871669773 1
4.06888694095702 0.25688370915653 -0.561876363549783 0
0.696348201762593 -0.246691878462374 -0.343917234128459 0
0.542174486300617 -0.347542599397733 0.0904966471392212 0
-0.528684356144301 -0.951618567265016 1.59850877114583 1
1.06324292711552 -0.0450277248089203 -0.088565112138884 0
-1.87695051963517 -0.784904469457076 1.08079949615152 0
-1.95380035061514 -1.66794193658814 0.630754115650567 0
3.53132518017446 -0.380226520287762 -0.113639895506141 1
8.85018854248854 0.918996609060766 -1.5329020028906 1
1.40984208089553 -0.575346962608392 -0.52111731755252 0
6.86550759501341 0.607964322225033 -0.489870453138474 1
-2.880891617905 -1.61788270828916 0.0471544327615272 0
3.56545926664537 -0.0555619655245394 1.30019867766682 1
-1.78176079215373 0.519407203943462 2.29307897383109 0
2.17515096820802 0.301153362166714 1.54758105898377 1
5.81512910250547 0.105676194148943 -0.133150964328944 1
6.64746298287128 -0.640706008305376 -1.75652739555764 1
-1.20623076837079 -0.849704346033582 -0.388779864071743 0
-2.05513941623723 -1.02412879060491 0.0892072230732945 0
1.60969462872848 0.117646597100126 0.845013004067436 1
0.843106011523821 -0.947474614184802 0.962527968484271 1
2.15726183639243 -0.490557443700668 0.684309429416465 1
5.94484182765777 -0.256092192198247 -1.39527434979947 1
6.96541715623294 1.84386200523221 0.849643045633355 1
-0.2359568247351 -0.651949901695459 -0.446557216427222 0
0.214870503229116 0.235386572284857 0.174802700161256 0
5.07087998944172 0.0779608495637108 0.0745511771737346 1
-0.814902113109692 -0.961856634130129 0.428166764970505 0
2.31120481618489 -0.0713080861235987 0.0246749828261399 1
6.29516691237591 1.44455085842335 -1.66747509758566 0
-0.0976836637582326 0.451504053079215 0.736495964773442 0
-1.5673250790806 0.0412329219929399 0.386026568349676 0
0.703603904426227 -0.422496832339625 -0.265651625278222 0
-3.36292291890964 -2.05324722154052 0.118144511046681 0
5.96424719126258 1.13133721341418 0.134038645368463 1
0.963343197110085 -1.46064007092482 0.221019468561002 1
0.901090937185027 0.739947510877334 1.64084616597749 0
8.35238021131857 1.90910356921748 -0.219050378933476 1
-2.75632024064411 -1.4438931609718 0.168065383884658 0
-0.0838063907754989 0.701784335374711 1.16838387306909 0
-1.2374693069115 -0.262197489402468 1.05418102337692 0
-0.55216599728256 -1.57214415914549 1.14526311038036 1
-2.20281365867621 -1.51466765378175 -0.577468001059557 0
-5.39110531143081 -1.60153617357459 2.00248273029283 0
0.805402909432033 -0.530906522170303 0.066700870930183 0
-4.83206902828658 -1.4617555849959 1.86685184470686 0
6.70376690740333 0.687916772975828 -1.35090268603071 1
4.89279733309445 2.10010894052567 0.0209835863542375 0
0.665715736837798 -1.28703047603518 1.24991457096922 1
